b_fit[1,1:nmaxp1]
  [1] 4.094106e-01 4.059070e-01 3.962363e-01 3.809511e-01 3.608756e-01 3.370218e-01 3.104957e-01
  [8] 2.824052e-01 2.537826e-01 2.256224e-01 1.986614e-01 1.733974e-01 1.501611e-01 1.291322e-01
 [15] 1.103660e-01 9.382169e-02 7.938912e-02 6.704943e-02 5.649333e-02 4.748713e-02 3.984289e-02
 [22] 3.338266e-02 2.794253e-02 2.337472e-02 1.954822e-02 1.638310e-02 1.375013e-02 1.154736e-02
 [29] 9.705164e-03 8.164646e-03 6.876168e-03 5.798054e-03 4.895415e-03 4.145776e-03 3.520643e-03
 [36] 2.994377e-03 2.550812e-03 2.176473e-03 1.860129e-03 1.592416e-03 1.365527e-03 1.174210e-03
 [43] 1.012743e-03 8.749387e-04 7.571440e-04 6.562948e-04 5.698163e-04 4.955428e-04 4.316504e-04
 [50] 3.768491e-04 3.299517e-04 2.893365e-04 2.541080e-04 2.235051e-04 1.968804e-04 1.736822e-04
 [57] 1.534394e-04 1.357985e-04 1.205017e-04 1.070736e-04 9.526953e-05 8.487898e-05 7.572033e-05
 [64] 6.763682e-05 6.049288e-05 5.417920e-05 4.863963e-05 4.371846e-05 3.934134e-05 3.544347e-05
 [71] 3.196830e-05 2.886640e-05 2.609450e-05 2.361480e-05 2.141659e-05 1.944342e-05 1.767040e-05
 [78] 1.607556e-05 1.463953e-05 1.334519e-05 1.217739e-05 1.112273e-05 1.017734e-05 9.322039e-06
 [85] 8.546653e-06 7.843082e-06 7.204102e-06 6.623274e-06 6.094847e-06 5.613681e-06 5.178157e-06
 [92] 4.781422e-06 4.418973e-06 4.087586e-06 3.784362e-06 3.506693e-06 3.252232e-06 3.018866e-06
 [99] 2.805845e-06 2.610624e-06 2.431071e-06 2.265815e-06 2.113613e-06 1.973340e-06 1.843977e-06
[106] 1.724597e-06 1.614823e-06 1.513694e-06 1.420139e-06 1.333538e-06 1.253329e-06 1.178999e-06
[113] 1.110078e-06 1.046138e-06 9.869760e-07 9.322340e-07 8.813448e-07 8.340155e-07 7.899774e-07
[120] 7.489842e-07 7.108099e-07 6.752471e-07 6.421804e-07 6.114864e-07 5.828512e-07 5.561297e-07
[127] 5.311883e-07 5.079040e-07 4.861636e-07 4.658625e-07 4.469328e-07 4.293437e-07 4.129135e-07
[134] 3.975682e-07 3.832394e-07 3.698639e-07 3.573835e-07 3.457444e-07 3.349057e-07 3.248734e-07
[141] 3.155380e-07 3.068611e-07 2.988078e-07 2.913458e-07 2.844453e-07 2.780791e-07 2.722226e-07
[148] 2.668984e-07 2.620367e-07 2.576190e-07 2.536286e-07 2.500507e-07 2.468717e-07 2.440800e-07
[155] 2.416652e-07 2.396501e-07 2.379979e-07 2.366989e-07 2.357483e-07 2.351428e-07 2.348426e-07
[162] 2.348426e-07 2.348426e-07 2.348426e-07 2.348426e-07 2.348426e-07 2.348426e-07 2.348426e-07
[169] 2.348426e-07 2.348426e-07 2.348426e-07 2.348426e-07 2.348426e-07 2.348426e-07 2.348426e-07
[176] 2.348426e-07 2.348426e-07 2.348426e-07 2.348426e-07 2.348426e-07 2.348426e-07