E_shape
  [1] 1.000000e+00 9.937265e-01 9.752002e-01 9.452761e-01 9.052921e-01 8.569513e-01
  [7] 8.021822e-01 7.429937e-01 6.813421e-01 6.190223e-01 5.575898e-01 4.983157e-01
 [13] 4.421717e-01 3.898394e-01 3.417383e-01 2.980630e-01 2.588266e-01 2.239036e-01
 [19] 1.930690e-01 1.660327e-01 1.424680e-01 1.220335e-01 1.043895e-01 8.920981e-02
 [25] 7.618896e-02 6.504685e-02 5.553061e-02 4.741489e-02 4.050097e-02 3.461514e-02
 [31] 2.960657e-02 2.534508e-02 2.171885e-02 1.863222e-02 1.600357e-02 1.376345e-02
 [37] 1.185291e-02 1.022195e-02 8.828211e-03 7.635864e-03 6.614582e-03 5.738718e-03
 [43] 4.986577e-03 4.339801e-03 3.782852e-03 3.302568e-03 2.887796e-03 2.529073e-03
 [49] 2.218365e-03 1.948844e-03 1.714702e-03 1.510990e-03 1.333490e-03 1.178598e-03
 [55] 1.043235e-03 9.247654e-04 8.209288e-04 7.297864e-04 6.496715e-04 5.791501e-04
 [61] 5.169862e-04 4.621134e-04 4.136102e-04 3.706792e-04 3.326296e-04 2.988619e-04
 [67] 2.688553e-04 2.421568e-04 2.183717e-04 1.971558e-04 1.782083e-04 1.612664e-04
 [73] 1.460998e-04 1.325065e-04 1.203094e-04 1.093525e-04 9.949893e-05 9.062774e-05
 [79] 8.263238e-05 7.541872e-05 6.890353e-05 6.301310e-05 5.768213e-05 5.285267e-05
 [85] 4.847325e-05 4.449808e-05 4.088641e-05 3.760194e-05 3.461227e-05 3.188846e-05
 [91] 2.940467e-05 2.713774e-05 2.506695e-05 2.317371e-05 2.144135e-05 1.985490e-05
 [97] 1.840086e-05 1.706714e-05 1.584279e-05 1.471799e-05 1.368384e-05 1.273232e-05
[103] 1.185619e-05 1.104886e-05 1.030442e-05 9.617459e-06 8.983109e-06 8.396935e-06
[109] 7.854909e-06 7.353373e-06 6.888995e-06 6.458745e-06 6.059860e-06 5.689821e-06
[115] 5.346330e-06 5.027289e-06 4.730781e-06 4.455051e-06 4.198496e-06 3.959646e-06
[121] 3.737156e-06 3.529791e-06 3.336420e-06 3.156004e-06 2.987588e-06 2.830294e-06
[127] 2.683317e-06 2.545912e-06 2.417397e-06 2.297141e-06 2.184565e-06 2.079132e-06
[133] 1.980349e-06 1.887759e-06 1.800940e-06 1.719504e-06 1.643091e-06 1.571366e-06
[139] 1.504022e-06 1.440773e-06 1.381354e-06 1.325521e-06 1.273046e-06 1.223719e-06
[145] 1.177343e-06 1.133739e-06 1.092736e-06 1.054179e-06 1.017923e-06 9.838326e-07
[151] 9.517824e-07 9.216562e-07 8.933457e-07 8.667504e-07 8.417770e-07 8.183386e-07
[157] 7.963548e-07 7.757508e-07 7.564571e-07 7.384095e-07 7.215482e-07 7.058181e-07
[163] 6.911682e-07 6.775512e-07 6.649238e-07 6.532458e-07 6.424805e-07 6.325944e-07
[169] 6.235567e-07 6.153395e-07 6.079177e-07 6.012686e-07 5.953719e-07 5.902099e-07
[175] 5.857670e-07 5.820298e-07 5.789873e-07 5.766301e-07 5.749515e-07 5.739463e-07
[181] 5.736115e-07