  [1]  5.322308e-01  5.176836e-01  4.776877e-01  4.216351e-01  3.608868e-01  3.047672e-01  2.581945e-01
  [8]  2.216428e-01  1.928194e-01  1.687864e-01  1.474542e-01  1.280448e-01  1.107472e-01  9.606672e-02
 [15]  8.429695e-02  7.530634e-02  6.860499e-02  6.354733e-02  5.952608e-02  5.607812e-02  5.289452e-02
 [22]  4.977258e-02  4.655790e-02  4.311003e-02  3.930174e-02  3.504285e-02  3.031079e-02  2.517075e-02
 [29]  1.977630e-02  1.434946e-02  9.146716e-03  4.420015e-03  3.819846e-04 -2.818648e-03 -5.108757e-03
 [36] -6.490346e-03 -7.030666e-03 -6.846610e-03 -6.086868e-03 -4.914600e-03 -3.492405e-03 -1.970496e-03
 [43] -4.783373e-04  8.804275e-04  2.030157e-03  2.922999e-03  3.536828e-03  3.871868e-03  3.946512e-03
 [50]  3.792779e-03  3.451791e-03  2.969565e-03  2.393318e-03  1.768414e-03  1.136000e-03  5.313376e-04
 [57] -1.722038e-05 -4.886662e-04 -8.692827e-04 -1.152189e-03 -1.336593e-03 -1.426835e-03 -1.431340e-03
 [64] -1.361523e-03 -1.230744e-03 -1.053344e-03 -8.438006e-04 -6.160241e-04 -3.828045e-04 -1.554008e-04
 [71]  5.672909e-05  2.460737e-04  4.071053e-04  5.362251e-04  6.316360e-04  6.931592e-04  7.220135e-04
 [78]  7.205708e-04  6.921026e-04  6.405295e-04  5.701822e-04  4.855832e-04  3.912519e-04  2.915395e-04
 [85]  1.904931e-04  9.175020e-05 -1.537402e-06 -8.675208e-05 -1.618340e-04 -2.252823e-04 -2.761380e-04
 [92] -3.139503e-04 -3.387314e-04 -3.509021e-04 -3.512310e-04 -3.407711e-04 -3.207951e-04 -2.927320e-04
 [99] -2.581075e-04 -2.184884e-04 -1.754325e-04 -1.304451e-04 -8.494234e-05 -4.022121e-05  2.563683e-06
[106]  4.241652e-05  7.851059e-05  1.101929e-04  1.369838e-04  1.585720e-04  1.748060e-04  1.856821e-04
[113]  1.913305e-04  1.919988e-04  1.880356e-04  1.798719e-04  1.680034e-04  1.529731e-04  1.353543e-04
[120]  1.157344e-04  9.470056e-05  7.282629e-05  5.066009e-05  2.871537e-05  7.462290e-06 -1.267873e-05
[127] -3.134184e-05 -4.821902e-05 -6.306183e-05 -7.568175e-05 -8.594935e-05 -9.379232e-05 -9.919249e-05
[134] -1.021822e-04 -1.028397e-04 -1.012844e-04 -9.767187e-05 -9.218763e-05 -8.504212e-05 -7.646484e-05
[141] -6.669884e-05 -5.599536e-05 -4.460876e-05 -3.279177e-05 -2.079109e-05 -8.843454e-06  2.827875e-06
[148]  1.401613e-05  2.453360e-05  3.421368e-05  4.291247e-05  5.050990e-05  5.691044e-05  6.204330e-05
[155]  6.586235e-05  6.834561e-05  6.949444e-05  6.933241e-05  6.790393e-05  6.527264e-05  6.151966e-05
[162]  5.674162e-05  5.104862e-05  4.456209e-05  3.741260e-05  2.973766e-05  2.167945e-05  1.338272e-05
[169]  4.992562e-06 -3.347567e-06 -1.149788e-05 -1.932410e-05 -2.669921e-05 -3.350506e-05 -3.963386e-05
[176] -4.498944e-05 -4.948848e-05 -5.306141e-05 -5.565330e-05 -5.722444e-05 -5.775084e-05